{
 "cells": [
  {
   "attachments": {},
   "cell_type": "markdown",
   "metadata": {},
   "source": [
    "## Imports"
   ]
  },
  {
   "cell_type": "code",
   "execution_count": 1,
   "metadata": {},
   "outputs": [],
   "source": [
    "import numpy as np\n",
    "import cv2\n",
    "import glob\n",
    "import os\n",
    "import matplotlib.pyplot as plt\n",
    "import pickle\n",
    "# from IPython.display import display, Latex"
   ]
  },
  {
   "cell_type": "code",
   "execution_count": 2,
   "metadata": {},
   "outputs": [],
   "source": [
    "PATH = os.path.join(os.getcwd(), os.pardir, 'data', 'Chessboard dataset')\n",
    "# Define the dimensions of the chessboard pattern\n",
    "chessboard_size = (7, 5)\n",
    "# Define the criteria for subpixel accuracy\n",
    "criteria = (cv2.TERM_CRITERIA_EPS + cv2.TERM_CRITERIA_MAX_ITER, 30, 0.001)\n",
    "\n",
    "# Prepare the object points\n",
    "objp = np.zeros((chessboard_size[0] * chessboard_size[1], 3), np.float32)\n",
    "objp[:, :2] = np.mgrid[0:chessboard_size[0], 0:chessboard_size[1]].T.reshape(-1, 2)\n",
    "\n",
    "# Define the arrays to store the object points and image points\n",
    "objpoints = [] # 3D points in real world space\n",
    "imgpoints = [] # 2D points in image plane\n",
    "\n",
    "images = glob.glob(os.path.join(PATH, '*.jpg'))"
   ]
  },
  {
   "attachments": {},
   "cell_type": "markdown",
   "metadata": {},
   "source": [
    "## Part 1"
   ]
  },
  {
   "cell_type": "code",
   "execution_count": 3,
   "metadata": {},
   "outputs": [
    {
     "name": "stdout",
     "output_type": "stream",
     "text": [
      "Focal length (fx, fy): 1585.9978576532808, 1608.0433498341943\n",
      "Skew parameter: 0.0\n",
      "Principal point (cx, cy): 464.1850785281408, 384.67480518464845\n",
      "Error estimates: 1.2935252540053748\n",
      "Camera matrix: \n",
      "[[1.58599786e+03 0.00000000e+00 4.64185079e+02]\n",
      " [0.00000000e+00 1.60804335e+03 3.84674805e+02]\n",
      " [0.00000000e+00 0.00000000e+00 1.00000000e+00]]\n"
     ]
    }
   ],
   "source": [
    "# This code calibrates a camera using a set of images of a chessboard pattern.\n",
    "# The camera matrix and distortion coefficients are calculated.\n",
    "# We then draw the corners of the chessboard pattern on the image and display them.\n",
    "\n",
    "# Find the chessboard corners in each image\n",
    "for fname in images:\n",
    "    img = cv2.imread(fname)\n",
    "    gray = cv2.cvtColor(img, cv2.COLOR_BGR2GRAY)\n",
    "\n",
    "    ret, corners = cv2.findChessboardCorners(gray, chessboard_size, None)\n",
    "\n",
    "    if ret:\n",
    "        objpoints.append(objp)\n",
    "        imgpoints.append(corners)\n",
    "\n",
    "        corners2 = cv2.cornerSubPix(gray, corners, (11, 11), (-1, -1), criteria)\n",
    "\n",
    "        cv2.drawChessboardCorners(img, chessboard_size, corners, ret)\n",
    "        cv2.imshow('image', img)\n",
    "        cv2.waitKey(300)\n",
    "\n",
    "cv2.destroyAllWindows()\n",
    "\n",
    "# Calibrate the camera\n",
    "ret, mtx, dist, rvecs, tvecs = cv2.calibrateCamera(objpoints, imgpoints, gray.shape[::-1])\n",
    "\n",
    "for fname in images:\n",
    "    img = cv2.imread(fname)\n",
    "    gray = cv2.cvtColor(img, cv2.COLOR_BGR2GRAY)\n",
    "\n",
    "    ret, corners = cv2.findChessboardCorners(gray, chessboard_size, None)\n",
    "\n",
    "    if ret:\n",
    "        objpoints.append(objp)\n",
    "        imgpoints.append(corners)\n",
    "\n",
    "        corners2 = cv2.cornerSubPix(gray, corners, (11, 11), (-1, -1), criteria)\n",
    "\n",
    "        cv2.drawChessboardCorners(img, chessboard_size, corners, ret)\n",
    "        cv2.imshow('image', img)\n",
    "        cv2.waitKey(300)\n",
    "\n",
    "cv2.destroyAllWindows()\n",
    "\n",
    "ret, mtx, dist, rvecs, tvecs = cv2.calibrateCamera(objpoints, imgpoints, gray.shape[::-1])\n",
    "\n",
    "print(f'Focal length (fx, fy): {mtx[0, 0]}, {mtx[1, 1]}')\n",
    "print(f'Skew parameter: {mtx[0, 1]}')\n",
    "print(f'Principal point (cx, cy): {mtx[0, 2]}, {mtx[1, 2]}')\n",
    "print(f'Error estimates: {ret}')\n",
    "print(f'Camera matrix: \\n{mtx}')"
   ]
  },
  {
   "cell_type": "code",
   "execution_count": null,
   "metadata": {},
   "outputs": [],
   "source": [
    "# camera_params = {'ret': ret, 'mtx': mtx, 'dist': dist, 'rvecs': rvecs, 'tvecs': tvecs}\n",
    "# with open('camera_params.pickle', 'wb') as file:\n",
    "#     pickle.dump(camera_params, file)"
   ]
  },
  {
   "cell_type": "code",
   "execution_count": null,
   "metadata": {},
   "outputs": [],
   "source": [
    "# with open('camera_params.pickle', 'rb') as file:\n",
    "#     camera_params = pickle.load(file)\n",
    "\n",
    "# ret = camera_params['ret']\n",
    "# mtx = camera_params['mtx']\n",
    "# dist = camera_params['dist']\n",
    "# rvecs = camera_params['rvecs']\n",
    "# tvecs = camera_params['tvecs']"
   ]
  },
  {
   "attachments": {},
   "cell_type": "markdown",
   "metadata": {},
   "source": [
    "## Part 2"
   ]
  },
  {
   "cell_type": "code",
   "execution_count": 6,
   "metadata": {},
   "outputs": [
    {
     "name": "stdout",
     "output_type": "stream",
     "text": [
      "Rotation matrix: \n",
      "[[[ 0.0090259  -0.99502485  0.09921732]\n",
      "  [ 0.98946038  0.02322734  0.14292879]\n",
      "  [-0.14452226  0.09688155  0.98474732]]\n",
      "\n",
      " [[ 0.7782305  -0.61764118  0.11347541]\n",
      "  [ 0.62787207  0.76195918 -0.15872894]\n",
      "  [ 0.0115739   0.19477574  0.98077951]]\n",
      "\n",
      " [[ 0.06863486 -0.99537403 -0.06722948]\n",
      "  [ 0.84022143  0.0213407   0.54182333]\n",
      "  [-0.53788215 -0.09367562  0.8377993 ]]\n",
      "\n",
      " [[-0.05167293  0.99575697 -0.07614434]\n",
      "  [-0.76484807  0.00956624  0.64413967]\n",
      "  [ 0.64213498  0.09152344  0.76110848]]\n",
      "\n",
      " [[ 0.0160214  -0.99029722  0.13803888]\n",
      "  [ 0.99351719  0.03130704  0.10928614]\n",
      "  [-0.11254735  0.13539308  0.98437889]]\n",
      "\n",
      " [[ 0.01412042 -0.9690022   0.24664823]\n",
      "  [ 0.99382201  0.04075827  0.10323073]\n",
      "  [-0.11008376  0.24366678  0.96359123]]\n",
      "\n",
      " [[-0.04633794  0.99488788 -0.08972686]\n",
      "  [-0.93327048 -0.01109031  0.35900308]\n",
      "  [ 0.35617271  0.10037489  0.92901339]]\n",
      "\n",
      " [[-0.00494697  0.99870395 -0.05065527]\n",
      "  [-0.99183171  0.00155623  0.12754384]\n",
      "  [ 0.12745737  0.05087245  0.99053855]]\n",
      "\n",
      " [[ 0.03162477 -0.9137483   0.40504804]\n",
      "  [ 0.98624867  0.09429855  0.13572526]\n",
      "  [-0.16221417  0.39518581  0.90416521]]\n",
      "\n",
      " [[ 0.00125985  0.94588683 -0.32449426]\n",
      "  [-0.98753899  0.0522424   0.14845024]\n",
      "  [ 0.15736949  0.32026371  0.93416594]]\n",
      "\n",
      " [[-0.02516957  0.88210744 -0.47037534]\n",
      "  [-0.98256872  0.06486332  0.17421672]\n",
      "  [ 0.18418797  0.46656105  0.86509859]]\n",
      "\n",
      " [[-0.06612194 -0.99526322  0.07126713]\n",
      "  [ 0.71649347  0.00235042  0.69758984]\n",
      "  [-0.69445302  0.09718843  0.71294419]]\n",
      "\n",
      " [[ 0.99721622 -0.04665168  0.05816725]\n",
      "  [-0.00331145  0.75161877  0.65958946]\n",
      "  [-0.07449055 -0.65794593  0.74937195]]\n",
      "\n",
      " [[ 0.90501396  0.01685341 -0.42504786]\n",
      "  [ 0.04122273  0.99103718  0.12706688]\n",
      "  [ 0.42337975 -0.13251894  0.89620774]]\n",
      "\n",
      " [[ 0.58518475 -0.80974803 -0.04320809]\n",
      "  [ 0.80769224  0.57730707  0.11979062]\n",
      "  [-0.07205588 -0.10499848  0.99185849]]\n",
      "\n",
      " [[ 0.46938391  0.87803027 -0.09349653]\n",
      "  [-0.82994495  0.47485218  0.2927572 ]\n",
      "  [ 0.30144672 -0.05981855  0.95160476]]\n",
      "\n",
      " [[ 0.5260707   0.8503387   0.01318017]\n",
      "  [-0.81354223  0.49866973  0.29912796]\n",
      "  [ 0.24778753 -0.16808508  0.95412198]]\n",
      "\n",
      " [[ 0.60856092 -0.78676725  0.10320322]\n",
      "  [ 0.77497462  0.61724421  0.13573474]\n",
      "  [-0.17049324 -0.00262298  0.98535536]]\n",
      "\n",
      " [[ 0.34226119  0.9349258   0.09365376]\n",
      "  [-0.75555929  0.21459803  0.61893283]\n",
      "  [ 0.55855835 -0.28259765  0.77984045]]\n",
      "\n",
      " [[-0.03981037 -0.99738247  0.06036008]\n",
      "  [ 0.80472991  0.00380485  0.59362893]\n",
      "  [-0.59230475  0.07220615  0.80247203]]\n",
      "\n",
      " [[ 0.37196648  0.9273996   0.03963489]\n",
      "  [-0.81003417  0.30344885  0.50176033]\n",
      "  [ 0.45330517 -0.21874364  0.86409817]]\n",
      "\n",
      " [[ 0.5892531  -0.8062088  -0.05299195]\n",
      "  [ 0.68568195  0.46431377  0.56058272]\n",
      "  [-0.42734183 -0.36666073  0.82640115]]\n",
      "\n",
      " [[ 0.59672116 -0.80236379 -0.01167065]\n",
      "  [ 0.59309229  0.43119523  0.67993544]\n",
      "  [-0.54052325 -0.41265364  0.7331791 ]]\n",
      "\n",
      " [[ 0.51899443  0.85362253  0.04442242]\n",
      "  [-0.7221623   0.41007845  0.55706129]\n",
      "  [ 0.45730339 -0.32119191  0.82928244]]\n",
      "\n",
      " [[ 0.53152169  0.84250164 -0.08761101]\n",
      "  [-0.71112447  0.50003295  0.49423581]\n",
      "  [ 0.46020287 -0.20039471  0.86490189]]\n",
      "\n",
      " [[ 0.49675541 -0.86739032  0.02946337]\n",
      "  [ 0.6172547   0.3769599   0.69057792]\n",
      "  [-0.61010712 -0.32486192  0.72265762]]\n",
      "\n",
      " [[-0.00759095  0.99721083 -0.07424912]\n",
      "  [-0.99688858 -0.00172094  0.07880486]\n",
      "  [ 0.07845729  0.07461631  0.99412115]]\n",
      "\n",
      " [[ 0.44694885 -0.89167571  0.07177158]\n",
      "  [ 0.67799021  0.38999241  0.62308522]\n",
      "  [-0.58358032 -0.22982679  0.77885406]]\n",
      "\n",
      " [[-0.05306743  0.94323226 -0.32786697]\n",
      "  [-0.99675588 -0.0301379   0.07462853]\n",
      "  [ 0.06051082  0.33076368  0.94177164]]\n",
      "\n",
      " [[ 0.37723604  0.84708845  0.37434493]\n",
      "  [-0.79462905  0.08844957  0.60061747]\n",
      "  [ 0.47566547 -0.52403991  0.70648746]]\n",
      "\n",
      " [[-0.05733528 -0.95076376  0.30456681]\n",
      "  [ 0.72650354  0.16951103  0.66592688]\n",
      "  [-0.68476658  0.25944997  0.68101428]]\n",
      "\n",
      " [[ 0.99924723  0.03712546 -0.01125518]\n",
      "  [-0.03827433  0.99078792 -0.12990143]\n",
      "  [ 0.00632885  0.13023443  0.99146303]]\n",
      "\n",
      " [[ 0.58275787 -0.75415275  0.30273239]\n",
      "  [ 0.53577752  0.63665272  0.5546312 ]\n",
      "  [-0.61101204 -0.16101848  0.77507247]]\n",
      "\n",
      " [[ 0.69303802 -0.71854632 -0.0582193 ]\n",
      "  [ 0.63060283  0.56511484  0.53196361]\n",
      "  [-0.3493399  -0.40538427  0.84476342]]\n",
      "\n",
      " [[ 0.09070677  0.94800917 -0.30504246]\n",
      "  [-0.90246375  0.20776873  0.37734775]\n",
      "  [ 0.42110741  0.24106177  0.87438994]]\n",
      "\n",
      " [[ 0.9272385   0.35950496 -0.10480916]\n",
      "  [-0.29612394  0.87525389  0.38241502]\n",
      "  [ 0.22921472 -0.32355343  0.91802712]]\n",
      "\n",
      " [[ 0.84413315 -0.27196918 -0.4620303 ]\n",
      "  [ 0.36134851  0.92524318  0.11555222]\n",
      "  [ 0.39606374 -0.26449541  0.8793041 ]]\n",
      "\n",
      " [[ 0.92938466  0.31354748  0.19476174]\n",
      "  [-0.36757127  0.73801029  0.5658906 ]\n",
      "  [ 0.03369741 -0.59751886  0.80114649]]\n",
      "\n",
      " [[ 0.77061403 -0.55723394  0.30926422]\n",
      "  [ 0.35443131  0.7780298   0.51869844]\n",
      "  [-0.52965316 -0.29010337  0.79706183]]\n",
      "\n",
      " [[ 0.99977153  0.01512969  0.01509886]\n",
      "  [-0.01497129  0.99983227 -0.01054942]\n",
      "  [-0.01525593  0.01032096  0.99983035]]]\n",
      "Translation vector: \n",
      "(array([[ 1.68405964],\n",
      "       [ 0.45211353],\n",
      "       [15.25069558]]), array([[-1.85996139],\n",
      "       [ 0.12242569],\n",
      "       [23.95984004]]), array([[ 1.46924741],\n",
      "       [-1.70325452],\n",
      "       [20.16656128]]), array([[-2.15411576],\n",
      "       [ 2.68051302],\n",
      "       [15.04958054]]), array([[ 1.20209922],\n",
      "       [-0.44188787],\n",
      "       [18.89560533]]), array([[ 0.97888484],\n",
      "       [-0.1633633 ],\n",
      "       [18.91129063]]), array([[-2.26620573],\n",
      "       [ 4.58274283],\n",
      "       [17.84685863]]), array([[-2.35125403],\n",
      "       [ 5.60627953],\n",
      "       [17.93228724]]), array([[ 0.7422389 ],\n",
      "       [ 0.55031051],\n",
      "       [15.23747928]]), array([[-1.28183004],\n",
      "       [ 5.33934558],\n",
      "       [18.76439604]]), array([[-1.21557913],\n",
      "       [ 6.06002947],\n",
      "       [18.21710486]]), array([[ 3.61208823],\n",
      "       [-3.69873392],\n",
      "       [23.16521847]]), array([[-0.32765833],\n",
      "       [-3.04912743],\n",
      "       [19.86003711]]), array([[-1.65645527],\n",
      "       [-0.65377261],\n",
      "       [20.46845035]]), array([[-0.74061554],\n",
      "       [-1.90673615],\n",
      "       [25.65708776]]), array([[-3.87754976],\n",
      "       [ 2.82842154],\n",
      "       [22.11030117]]), array([[-3.27776611],\n",
      "       [ 3.26696837],\n",
      "       [23.60822371]]), array([[ 0.06835422],\n",
      "       [-2.12301636],\n",
      "       [27.49228296]]), array([[-3.21916171],\n",
      "       [ 2.16403069],\n",
      "       [18.44707799]]), array([[ 2.81508396],\n",
      "       [-3.84026362],\n",
      "       [24.37401203]]), array([[-3.44369467],\n",
      "       [ 3.11577847],\n",
      "       [20.53576444]]), array([[-0.5295924 ],\n",
      "       [-1.92474113],\n",
      "       [24.82447404]]), array([[-0.97741422],\n",
      "       [-2.85078611],\n",
      "       [25.11725461]]), array([[-2.50760781],\n",
      "       [ 1.67294153],\n",
      "       [22.27752987]]), array([[-5.16425078],\n",
      "       [ 0.56245949],\n",
      "       [27.82171973]]), array([[-0.81463667],\n",
      "       [-3.65907688],\n",
      "       [26.07194487]]), array([[-2.26316625],\n",
      "       [ 5.23217948],\n",
      "       [20.84735385]]), array([[ 0.74835671],\n",
      "       [-3.19043638],\n",
      "       [27.19536306]]), array([[-1.36300829],\n",
      "       [ 4.83789724],\n",
      "       [22.67807902]]), array([[-2.71736396],\n",
      "       [ 1.61592541],\n",
      "       [19.31137416]]), array([[ 2.72196715],\n",
      "       [-3.25109078],\n",
      "       [20.94622033]]), array([[-2.91765017],\n",
      "       [-1.10278191],\n",
      "       [22.85604622]]), array([[ 0.27023475],\n",
      "       [-3.70589463],\n",
      "       [23.66106805]]), array([[-1.47937583],\n",
      "       [-3.63232287],\n",
      "       [30.71208272]]), array([[-2.24117925],\n",
      "       [ 2.54786778],\n",
      "       [22.97850611]]), array([[-3.36272984],\n",
      "       [-0.96871916],\n",
      "       [24.33311013]]), array([[-2.38258133],\n",
      "       [-1.97472709],\n",
      "       [29.52563455]]), array([[-2.96644306],\n",
      "       [-1.29715917],\n",
      "       [25.53572433]]), array([[-0.66499678],\n",
      "       [-2.13248473],\n",
      "       [24.87605114]]), array([[-2.79770244],\n",
      "       [-1.28838866],\n",
      "       [22.68539656]]))\n"
     ]
    }
   ],
   "source": [
    "R = np.zeros((len(rvecs), 3, 3))\n",
    "for i in range(len(rvecs)):\n",
    "    R[i] = cv2.Rodrigues(rvecs[i])[0]\n",
    "\n",
    "print(f'Rotation matrix: \\n{R}')\n",
    "\n",
    "print(f'Translation vector: \\n{tvecs}')"
   ]
  },
  {
   "attachments": {},
   "cell_type": "markdown",
   "metadata": {},
   "source": [
    "## Part 3"
   ]
  },
  {
   "cell_type": "code",
   "execution_count": 11,
   "metadata": {},
   "outputs": [
    {
     "name": "stdout",
     "output_type": "stream",
     "text": [
      "Estimated radial distortion coefficients:\n",
      "[[-6.76836219e-01  1.88298296e+02 -7.18976449e-03 -1.75536209e-02\n",
      "  -7.41656354e+03]]\n"
     ]
    }
   ],
   "source": [
    "print(\"Estimated radial distortion coefficients:\")\n",
    "print(dist)\n",
    "\n",
    "raw_images = ['01', '02', '03', '04', '05']\n",
    "for i in raw_images:\n",
    "\n",
    "    img = cv2.imread(glob.glob(os.path.join(PATH, f'*{i}.jpg'))[0])\n",
    "    undistorted = cv2.undistort(img, mtx, dist)\n",
    "    \n",
    "    cv2.imshow('Original', img)\n",
    "    cv2.imshow('Undistorted', undistorted)\n",
    "    cv2.waitKey(0)\n",
    "cv2.destroyAllWindows()"
   ]
  },
  {
   "attachments": {},
   "cell_type": "markdown",
   "metadata": {},
   "source": [
    "## Part 4"
   ]
  },
  {
   "cell_type": "code",
   "execution_count": 8,
   "metadata": {},
   "outputs": [
    {
     "name": "stdout",
     "output_type": "stream",
     "text": [
      "Re-projection error for image 1: 0.240410675963352\n",
      "Re-projection error for image 2: 0.2689949617867901\n",
      "Re-projection error for image 3: 0.17838973764647148\n",
      "Re-projection error for image 4: 0.19034773967119412\n",
      "Re-projection error for image 5: 0.19094831801568377\n",
      "Re-projection error for image 6: 0.19024696948589007\n",
      "Re-projection error for image 7: 0.18399398628730898\n",
      "Re-projection error for image 8: 0.22088312890584746\n",
      "Re-projection error for image 9: 0.31024090386207304\n",
      "Re-projection error for image 10: 0.19875821365068577\n",
      "Re-projection error for image 11: 0.20814376054769226\n",
      "Re-projection error for image 12: 0.1740334708419684\n",
      "Re-projection error for image 13: 0.27822447256220517\n",
      "Re-projection error for image 14: 0.18981729719052287\n",
      "Re-projection error for image 15: 0.09585468472791889\n",
      "Re-projection error for image 16: 0.20117175096230624\n",
      "Re-projection error for image 17: 0.1783180307806425\n",
      "Re-projection error for image 18: 0.11575969638691193\n",
      "Re-projection error for image 19: 0.26009432882833045\n",
      "Re-projection error for image 20: 0.1535755264821237\n",
      "Re-projection error for image 21: 0.21334254348570167\n",
      "Re-projection error for image 22: 0.15452699085251567\n",
      "Re-projection error for image 23: 0.1428449422392619\n",
      "Re-projection error for image 24: 0.23053228359597142\n",
      "Re-projection error for image 25: 0.156971218159607\n",
      "Re-projection error for image 26: 0.13929133666077717\n",
      "Re-projection error for image 27: 0.16468030022742355\n",
      "Re-projection error for image 28: 0.14972138694166448\n",
      "Re-projection error for image 29: 0.15464925311835592\n",
      "Re-projection error for image 30: 0.41413534798000595\n",
      "Re-projection error for image 31: 0.2895242896306527\n",
      "Re-projection error for image 32: 0.1648860142359076\n",
      "Re-projection error for image 33: 0.3120717448172554\n",
      "Re-projection error for image 34: 0.13422669458753722\n",
      "Re-projection error for image 35: 0.29101116497190477\n",
      "Re-projection error for image 36: 0.3307826411309054\n",
      "Re-projection error for image 37: 0.13808492141729473\n",
      "Re-projection error for image 38: 0.26782677736300675\n",
      "Re-projection error for image 39: 0.2765464533510775\n",
      "Re-projection error for image 40: 0.17346365597374366\n"
     ]
    }
   ],
   "source": [
    "mean_error = 0\n",
    "errors = []\n",
    "for i in range(len(objpoints)):\n",
    "\n",
    "    # Find the error of the image points by projecting the object points with the \n",
    "    # rotation and translation vectors and comparing the result to the image points.\n",
    "    imgpoints2, _ = cv2.projectPoints(objpoints[i], rvecs[i], tvecs[i], mtx, dist)\n",
    "    error = cv2.norm(imgpoints[i], imgpoints2, cv2.NORM_L2) / len(imgpoints2)\n",
    "    # error = np.sqrt(np.sum((imgpoints[i] - imgpoints2)**2) / len(imgpoints2))\n",
    "\n",
    "    errors.append(error)\n",
    "    mean_error += error\n",
    "    print(f'Re-projection error for image {i+1}: {error}')"
   ]
  },
  {
   "cell_type": "code",
   "execution_count": 7,
   "metadata": {},
   "outputs": [
    {
     "name": "stdout",
     "output_type": "stream",
     "text": [
      "Mean re-projection error: 0.20818319038316221\n",
      "Standard deviation of re-projection error: 0.06682610698001613\n"
     ]
    },
    {
     "data": {
